FANN_FLO_2.1
num_layers=3
learning_rate=0.700000
connection_rate=1.000000
network_type=0
learning_momentum=0.000000
training_algorithm=0
train_error_function=1
train_stop_function=0
cascade_output_change_fraction=0.010000
quickprop_decay=-0.000100
quickprop_mu=1.750000
rprop_increase_factor=1.200000
rprop_decrease_factor=0.500000
rprop_delta_min=0.000000
rprop_delta_max=50.000000
rprop_delta_zero=0.100000
cascade_output_stagnation_epochs=12
cascade_candidate_change_fraction=0.010000
cascade_candidate_stagnation_epochs=12
cascade_max_out_epochs=150
cascade_min_out_epochs=50
cascade_max_cand_epochs=150
cascade_min_cand_epochs=50
cascade_num_candidate_groups=2
bit_fail_limit=3.49999999999999977796e-01
cascade_candidate_limit=1.00000000000000000000e+03
cascade_weight_multiplier=4.00000000000000022204e-01
cascade_activation_functions_count=10
cascade_activation_functions=3 5 7 8 10 11 14 15 16 17 
cascade_activation_steepnesses_count=4
cascade_activation_steepnesses=2.50000000000000000000e-01 5.00000000000000000000e-01 7.50000000000000000000e-01 1.00000000000000000000e+00 
layer_sizes=3 5 2 
scale_included=0
neurons (num_inputs, activation_function, activation_steepness)=(0, 0, 0.00000000000000000000e+00) (0, 0, 0.00000000000000000000e+00) (0, 0, 0.00000000000000000000e+00) (3, 4, 5.00000000000000000000e-01) (3, 4, 5.00000000000000000000e-01) (3, 4, 5.00000000000000000000e-01) (3, 4, 5.00000000000000000000e-01) (0, 0, 0.00000000000000000000e+00) (5, 6, 5.00000000000000000000e-01) (0, 6, 0.00000000000000000000e+00) 
connections (connected_to_neuron, weight)=(0, 1.95597867094755195616e+00) (1, -2.37091675497768372693e+00) (2, -3.41519346483470487286e+00) (0, 4.66669976910842621010e+00) (1, 2.46879314383873760264e+00) (2, -2.89693428066380631591e+00) (0, -3.19803186487422141937e+00) (1, -4.98556537295391155595e+00) (2, -3.77366904217469123495e+00) (0, 2.87854566340584039352e+00) (1, -3.07544970359463842868e+00) (2, -4.13717477420334311944e+00) (3, 1.58089108316413451405e+00) (4, -1.03579936156716581053e+01) (5, -1.04117796499040125013e+01) (6, 5.37007358808607193623e+00) (7, 4.86328474564950852255e+00) 
